{
    "fl_x": 897.342529296875,
    "fl_y": 897.9573364257812,
    "cx": 662.1454467773438,
    "cy": 379.00592041015625,
    "w": 1280,
    "h": 720,
    "camera_model": "OPENCV",
    "k1": 0.13695795834064484,
    "k2": -0.46314385533332825,
    "p1": 0.00034515216248109937,
    "p2": 0.4179687798023224,
    "frames": [
        {
            "file_path": "./rgb/frame_1677849510.4065104.png",
            "transform_matrix": [
                [
                    -0.02537470548343579,
                    0.2668276122243675,
                    -0.9634101668948024,
                    0.5321151146440599
                ],
                [
                    -0.9991539794050919,
                    0.02443090966310335,
                    0.03308256477364169,
                    -0.05079356484090855
                ],
                [
                    0.0323643285207309,
                    0.9634345623900336,
                    0.2659819434317421,
                    0.8013724540572355
                ],
                [
                    0.0,
                    0.0,
                    0.0,
                    1.0
                ]
            ]
        },
        {
            "file_path": "./rgb/frame_1677849514.6525934.png",
            "transform_matrix": [
                [
                    -0.04801462754365049,
                    0.26684303785863944,
                    -0.9625431879600088,
                    0.696049244414237
                ],
                [
                    -0.9964795112826712,
                    0.053507247892621845,
                    0.06454113430058361,
                    -0.052060738231730276
                ],
                [
                    0.0687253893091408,
                    0.9622534840515414,
                    0.2633344893761105,
                    0.7973773934651035
                ],
                [
                    0.0,
                    0.0,
                    0.0,
                    1.0
                ]
            ]
        },
        {
            "file_path": "./rgb/frame_1677849515.6809423.png",
            "transform_matrix": [
                [
                    -0.06367764120270569,
                    0.20694984062585176,
                    -0.9762770720834295,
                    0.7602647033055789
                ],
                [
                    -0.9975597220719997,
                    0.014866572886994445,
                    0.06821719658729886,
                    -0.04717519337119961
                ],
                [
                    0.02863143221171377,
                    0.9782385948609522,
                    0.2054981572033574,
                    0.800411838529113
                ],
                [
                    0.0,
                    0.0,
                    0.0,
                    1.0
                ]
            ]
        },
        {
            "file_path": "./rgb/frame_1677849516.6761174.png",
            "transform_matrix": [
                [
                    -0.08632014769417584,
                    0.0975182921854757,
                    -0.9914832397934337,
                    0.6815629874475806
                ],
                [
                    -0.9927256803127652,
                    -0.09226103650005169,
                    0.07735389318898728,
                    -0.06315192808771632
                ],
                [
                    -0.08393185181808388,
                    0.9909480732274341,
                    0.10477289924986777,
                    0.8859603743982838
                ],
                [
                    0.0,
                    0.0,
                    0.0,
                    1.0
                ]
            ]
        },
        {
            "file_path": "./rgb/frame_1677849517.7044663.png",
            "transform_matrix": [
                [
                    -0.05487127243014389,
                    -0.08492826412794885,
                    -0.994875034069159,
                    0.507633259701303
                ],
                [
                    -0.9913469492518815,
                    -0.11436257510621162,
                    0.06443933289586212,
                    -0.06450117892132752
                ],
                [
                    -0.11924919148943752,
                    0.9898021981018681,
                    -0.07791815553403447,
                    1.0055027136934622
                ],
                [
                    0.0,
                    0.0,
                    0.0,
                    1.0
                ]
            ]
        },
        {
            "file_path": "./rgb/frame_1677849518.6996424.png",
            "transform_matrix": [
                [
                    -0.07192688824786331,
                    -0.10839070896900671,
                    -0.9915028880221052,
                    0.5116687029547732
                ],
                [
                    -0.9885789624821927,
                    -0.12424202006761131,
                    0.08529686622116006,
                    -0.07518299635125336
                ],
                [
                    -0.1324317095132831,
                    0.9863140345035729,
                    -0.09821643272219804,
                    0.9398292921330822
                ],
                [
                    0.0,
                    0.0,
                    0.0,
                    1.0
                ]
            ]
        },
        {
            "file_path": "./rgb/frame_1677849519.6948173.png",
            "transform_matrix": [
                [
                    -0.09724184183064777,
                    -0.10091232093786012,
                    -0.9901316718903184,
                    0.5163029245634732
                ],
                [
                    -0.994550388589786,
                    -0.027728950170783695,
                    0.10050188992417636,
                    -0.0628835116737579
                ],
                [
                    -0.03759719076325152,
                    0.9945088279172589,
                    -0.0976659738156086,
                    0.7396142526063632
                ],
                [
                    0.0,
                    0.0,
                    0.0,
                    1.0
                ]
            ]
        },
        {
            "file_path": "./rgb/frame_1677849520.6899934.png",
            "transform_matrix": [
                [
                    -0.10108075728885979,
                    -0.09687576030527323,
                    -0.9901503762415007,
                    0.5177113305840544
                ],
                [
                    -0.9941403529336252,
                    -0.028488623624178033,
                    0.10427539015993459,
                    -0.0651423090594617
                ],
                [
                    -0.038309779102955355,
                    0.9948886798980451,
                    -0.09342845089054808,
                    0.738287269796781
                ],
                [
                    0.0,
                    0.0,
                    0.0,
                    1.0
                ]
            ]
        },
        {
            "file_path": "./rgb/frame_1677849521.6851695.png",
            "transform_matrix": [
                [
                    -0.20924922664379908,
                    -0.05735984898653651,
                    -0.9761785742748167,
                    0.5190628584749202
                ],
                [
                    -0.9755216783555809,
                    -0.05678504767240222,
                    0.21244508330190526,
                    -0.13438267821659317
                ],
                [
                    -0.06761816477310256,
                    0.9967373305365285,
                    -0.04407354884318726,
                    0.7369232174735694
                ],
                [
                    0.0,
                    0.0,
                    0.0,
                    1.0
                ]
            ]
        },
        {
            "file_path": "./rgb/frame_1677849522.6471725.png",
            "transform_matrix": [
                [
                    -0.4438152854254771,
                    -0.09128181778683708,
                    -0.8914570220511098,
                    0.5170068123266538
                ],
                [
                    -0.8914029712460335,
                    -0.05694728035213037,
                    0.4496195615342362,
                    -0.27446623107934026
                ],
                [
                    -0.09180814384598562,
                    0.9941954722296951,
                    -0.05609481011224016,
                    0.7433247363443656
                ],
                [
                    0.0,
                    0.0,
                    0.0,
                    1.0
                ]
            ]
        },
        {
            "file_path": "./rgb/frame_1677849523.6091764.png",
            "transform_matrix": [
                [
                    -0.6640538754884039,
                    -0.09721201775608662,
                    -0.7413381644382149,
                    0.4311148525022557
                ],
                [
                    -0.7398648070044134,
                    -0.05759084752614885,
                    0.6702860297198072,
                    -0.4148533786190827
                ],
                [
                    -0.10785415061625497,
                    0.9935960536782593,
                    -0.03368032526321574,
                    0.7291935625919473
                ],
                [
                    0.0,
                    0.0,
                    0.0,
                    1.0
                ]
            ]
        },
        {
            "file_path": "./rgb/frame_1677849524.5380063.png",
            "transform_matrix": [
                [
                    -0.7134095044281747,
                    -0.10630010155582115,
                    -0.6926378327818714,
                    0.4069900203661435
                ],
                [
                    -0.6931489951765897,
                    -0.0381165701879298,
                    0.7197857997785122,
                    -0.44715454299873497
                ],
                [
                    -0.10291428218293969,
                    0.9936032485284709,
                    -0.04648908513231387,
                    0.7355768798215938
                ],
                [
                    0.0,
                    0.0,
                    0.0,
                    1.0
                ]
            ]
        },
        {
            "file_path": "./rgb/frame_1677849525.5000103.png",
            "transform_matrix": [
                [
                    -0.49860721269106023,
                    -0.10285776321883905,
                    -0.8607038561538277,
                    0.513267580470554
                ],
                [
                    -0.8627570966941314,
                    -0.03723149219081734,
                    0.5042459797491282,
                    -0.3116314948479959
                ],
                [
                    -0.08391090248808497,
                    0.9939990425221054,
                    -0.0701773746215455,
                    0.7515633118539611
                ],
                [
                    0.0,
                    0.0,
                    0.0,
                    1.0
                ]
            ]
        },
        {
            "file_path": "./rgb/frame_1677849526.4620132.png",
            "transform_matrix": [
                [
                    -0.20190921756522884,
                    -0.0994525203523085,
                    -0.974341759372845,
                    0.5788259707225967
                ],
                [
                    -0.976852675546859,
                    -0.051314277490182136,
                    0.20766727041737654,
                    -0.12785388593853458
                ],
                [
                    -0.07065067684842302,
                    0.9937182906242765,
                    -0.08678963497806313,
                    0.766541951054214
                ],
                [
                    0.0,
                    0.0,
                    0.0,
                    1.0
                ]
            ]
        },
        {
            "file_path": "./rgb/frame_1677849527.4571893.png",
            "transform_matrix": [
                [
                    -0.08613547931287735,
                    0.004647743925424275,
                    -0.9962725920549779,
                    0.6047771987166147
                ],
                [
                    -0.9942574584926391,
                    -0.06414143233668701,
                    0.08566202711561338,
                    -0.05887695862011526
                ],
                [
                    -0.06350421588602406,
                    0.9979299951069722,
                    0.010145907081152039,
                    0.7483258515652389
                ],
                [
                    0.0,
                    0.0,
                    0.0,
                    1.0
                ]
            ]
        },
        {
            "file_path": "./rgb/frame_1677849528.4523644.png",
            "transform_matrix": [
                [
                    -0.04832303262329307,
                    0.6570255509803399,
                    -0.7523179579652934,
                    0.6621410243319423
                ],
                [
                    -0.9949553211285137,
                    -0.09795698971040079,
                    -0.021641098052840146,
                    -0.04935985188931254
                ],
                [
                    -0.08791355683934277,
                    0.747476991970895,
                    0.6584446468747379,
                    0.6007151862109573
                ],
                [
                    0.0,
                    0.0,
                    0.0,
                    1.0
                ]
            ]
        },
        {
            "file_path": "./rgb/frame_1677849529.4475403.png",
            "transform_matrix": [
                [
                    -0.04151916298655134,
                    0.8631521075457157,
                    -0.5032341386912115,
                    0.6503369859471513
                ],
                [
                    -0.993427069033982,
                    -0.08943673223895399,
                    -0.07144039079519027,
                    -0.04284182672685785
                ],
                [
                    -0.10667154079438457,
                    0.49696027020860223,
                    0.8611920065924584,
                    0.5266059322632437
                ],
                [
                    0.0,
                    0.0,
                    0.0,
                    1.0
                ]
            ]
        },
        {
            "file_path": "./rgb/frame_1677849530.4427164.png",
            "transform_matrix": [
                [
                    -0.04887983162043874,
                    0.5894347997381088,
                    -0.8063357730613553,
                    0.6624691022064448
                ],
                [
                    -0.9954581894096813,
                    -0.09477909980006316,
                    -0.00893954016092996,
                    -0.05099817427570342
                ],
                [
                    -0.08169305477185174,
                    0.8022365854900819,
                    0.5913904849617195,
                    0.6251975036563023
                ],
                [
                    0.0,
                    0.0,
                    0.0,
                    1.0
                ]
            ]
        },
        {
            "file_path": "./rgb/frame_1677849531.4378924.png",
            "transform_matrix": [
                [
                    -0.06601004065329064,
                    0.11611468418983456,
                    -0.9910398854982809,
                    0.623846326593156
                ],
                [
                    -0.9959457271253058,
                    -0.06849741955741329,
                    0.05831133796116561,
                    -0.0505170350798954
                ],
                [
                    -0.061112872243059224,
                    0.9908710731621296,
                    0.12016544102500054,
                    0.7342131643453919
                ],
                [
                    0.0,
                    0.0,
                    0.0,
                    1.0
                ]
            ]
        },
        {
            "file_path": "./rgb/frame_1677849532.4330683.png",
            "transform_matrix": [
                [
                    -0.1376706117459756,
                    0.09066877233520954,
                    -0.986319408906017,
                    0.619825741957441
                ],
                [
                    -0.9424382506506135,
                    -0.31835329606216944,
                    0.10228060714018183,
                    -0.09048814103174585
                ],
                [
                    -0.30472437771222105,
                    0.9436261720668724,
                    0.12927761220846012,
                    0.7262201404328046
                ],
                [
                    0.0,
                    0.0,
                    0.0,
                    1.0
                ]
            ]
        },
        {
            "file_path": "./rgb/frame_1677849533.4614162.png",
            "transform_matrix": [
                [
                    -0.21731770160405495,
                    0.08222732625512702,
                    -0.9726313193530545,
                    0.6166794243957197
                ],
                [
                    -0.7168311138127401,
                    -0.6897679099714278,
                    0.10184981415611122,
                    -0.14074412037134917
                ],
                [
                    -0.6625150344252704,
                    0.7193461595022113,
                    0.20884188270052992,
                    0.6905304718245311
                ],
                [
                    0.0,
                    0.0,
                    0.0,
                    1.0
                ]
            ]
        }
    ]
}